BOLT ANALYSIS (ELASTIC + ACCURATE)
================================================================================
shear_method=elastic, tension_method=accurate
Summary: max_shear=38610.845, max_axial=24087.576, max_combined_stress=136.079

Per-bolt forces/stresses:
  #    y        z        Fy        Fz        Fx        R      tau    sigma    comb
   1   -65.00   -35.00  -12258.06  -11854.84  13811.33  21944.25   54.28   43.96   69.85
   2   -65.00    25.00  -27741.94  -11854.84  24087.58  38605.23   96.03   76.67  122.88
   3    10.00   -35.00  -12258.06   7500.00  10943.79  18063.13   45.74   34.84   57.50
   4    10.00    25.00  -27741.94   7500.00  21220.03  35723.31   91.48   67.55  113.71
   5    85.00   -35.00  -12258.06  26854.84   8076.24  30605.03   93.97   25.71   97.42
   6    85.00    25.00  -27741.94  26854.84  18352.48  42750.57  122.90   58.42  136.08
